Length:21, Num:3067556, Mean:0.10, Std:0.00, conv[16,16,46,-0.54,0.80], pool[2,2,0.44], conv[3,3,16,-0.76,0.44], pool[4,4,0.63], conv[17,17,38,-0.63,0.74], pool[4,4,0.90], conv[3,3,9,0.49,0.80], pool[4,4,0.21], conv[10,10,28,-0.46,0.68], pool[2,2,0.89], conv[5,5,13,-0.17,0.33], pool[2,2,0.74], conv[13,13,7,0.91,0.99], pool[2,2,0.83], conv[11,11,9,0.09,0.87], pool[2,2,0.26], conv[15,15,43,0.27,0.24], pool[4,4,0.43], full[1531,0.02563070652950228,0.8207474387650303], full[1878,0.5573150839142988,0.39607301353074065], full[10,0.21043085182287147,0.4770016274770583]
Length:24, Num:2652236, Mean:0.10, Std:0.00, conv[3,3,48,0.72,0.61], conv[15,15,26,-0.20,0.91], pool[4,4,0.80], conv[18,18,29,0.32,0.34], pool[2,2,1.00], pool[2,2,0.34], conv[3,3,32,-0.90,0.82], conv[5,5,44,-0.90,0.30], pool[2,2,0.95], conv[11,11,26,-0.94,0.43], conv[19,19,15,0.70,0.40], pool[4,4,0.06], conv[11,11,21,-0.78,0.13], pool[4,4,0.47], pool[4,4,0.12], conv[19,19,24,-0.49,0.37], conv[17,17,5,-0.56,0.76], pool[2,2,0.44], conv[9,9,25,-0.40,0.97], pool[4,4,0.38], pool[2,2,0.33], full[1639,0.7448718759831576,0.42496818030651695], full[1532,-0.7731584028067449,0.3820143066914111], full[10,-0.871435569669035,0.9382980781441547]
Length:21, Num:2697777, Mean:0.09, Std:0.00, conv[16,16,39,0.64,0.14], pool[4,4,0.17], conv[18,18,31,-0.20,0.47], pool[2,2,0.08], conv[14,14,16,0.44,0.73], pool[4,4,0.35], conv[15,15,45,0.33,0.23], pool[4,4,0.99], conv[16,16,45,-0.29,0.92], pool[2,2,0.97], conv[12,12,13,0.39,0.06], pool[4,4,0.92], conv[19,19,34,0.86,0.64], pool[2,2,0.25], conv[18,18,8,-0.77,0.54], pool[2,2,0.55], conv[9,9,8,-0.32,0.95], pool[4,4,0.83], full[1870,0.05568934629740796,0.26238415069109966], full[1384,-0.748359352822833,0.5031859566160469], full[10,0.12102210287753357,0.5691888057672205]
Length:21, Num:2611447, Mean:0.09, Std:0.00, conv[11,11,27,0.07,0.13], pool[4,4,0.83], conv[2,2,36,0.41,0.55], pool[2,2,0.59], conv[2,2,17,-0.37,0.22], pool[2,2,0.21], conv[9,9,7,-0.97,0.85], pool[4,4,0.59], conv[12,12,14,0.98,0.85], pool[4,4,0.06], conv[14,14,12,0.29,0.07], pool[4,4,0.22], conv[15,15,19,0.59,0.45], pool[2,2,0.61], conv[10,10,36,0.88,0.24], pool[2,2,0.61], conv[2,2,33,0.01,0.49], pool[4,4,0.61], full[1818,-0.36274353466852616,0.7488485491070933], full[1352,0.14451038714800202,0.00724978268909704], full[10,0.3920464799985457,0.747583549864224]
Length:20, Num:65671, Mean:0.11, Std:0.00, conv[17,17,4,-0.90,0.38], pool[2,2,0.03], conv[17,17,45,-0.88,0.26], pool[2,2,0.07], conv[9,9,37,-0.31,0.46], pool[2,2,0.29], conv[8,8,39,-0.61,0.14], pool[4,4,0.92], conv[7,7,47,-0.21,0.58], pool[2,2,0.88], conv[14,14,6,-0.99,0.73], pool[2,2,0.36], conv[6,6,39,-0.18,0.96], pool[4,4,0.38], conv[4,4,17,0.43,0.00], pool[4,4,0.24], conv[15,15,12,0.69,0.56], pool[4,4,0.41], full[1076,0.55544489731621,0.7476577640571274], full[10,0.8928165332280182,0.21143699049109177]
Length:20, Num:194550, Mean:0.09, Std:0.00, conv[14,14,44,0.72,0.33], pool[2,2,0.45], conv[13,13,3,-0.96,0.14], pool[2,2,0.54], conv[9,9,5,0.71,0.25], pool[2,2,0.34], conv[17,17,43,-0.51,0.83], pool[2,2,0.98], conv[7,7,32,-0.86,0.91], pool[2,2,0.07], conv[18,18,19,0.83,0.54], pool[4,4,0.16], conv[14,14,14,-0.69,0.85], pool[4,4,0.86], conv[8,8,12,-0.54,0.03], pool[4,4,0.26], conv[11,11,34,0.61,0.19], pool[4,4,0.51], full[1985,0.08565167126794315,0.2688969210984825], full[10,0.35256867147162585,0.3508877439560093]
Length:24, Num:1520153, Mean:0.10, Std:0.00, conv[13,13,20,-0.21,0.28], pool[2,2,0.25], pool[2,2,0.02], conv[16,16,38,0.88,0.65], pool[4,4,0.42], pool[2,2,0.74], conv[2,2,46,-0.91,0.49], conv[16,16,34,-0.88,0.60], pool[4,4,0.02], conv[11,11,18,-0.06,0.43], conv[6,6,44,0.57,0.15], pool[4,4,0.72], conv[6,6,21,0.68,0.53], pool[2,2,0.64], pool[2,2,0.53], conv[2,2,16,-0.45,0.25], conv[17,17,49,0.97,0.78], pool[2,2,0.70], conv[2,2,18,0.12,0.38], pool[2,2,0.26], pool[4,4,0.61], full[1312,0.7729378880712707,0.18187076274956626], full[1081,-0.057362151346231904,0.7575449242286495], full[10,0.45603655685412003,0.515554401394466]
Length:7, Num:3367267, Mean:0.93, Std:0.00, conv[12,12,7,-0.49,0.25], pool[4,4,0.81], conv[13,13,7,0.05,0.48], pool[2,2,0.17], full[1910,0.6601947076985537,0.49021368682020605], full[1528,-0.6601349693555383,0.24292758455337804], full[10,-0.2921878528671289,0.7324366689566877]
Length:6, Num:2640731, Mean:0.09, Std:0.00, conv[17,17,7,0.40,0.79], pool[4,4,0.65], conv[12,12,45,-0.43,0.53], pool[2,2,0.93], full[1814,0.5012680640241745,0.82969962919706], full[10,-0.5851028944085583,0.5731619451429173]
Length:6, Num:3161791, Mean:0.95, Std:0.00, conv[2,2,3,-0.75,0.25], pool[2,2,0.40], conv[19,19,32,-0.45,0.92], pool[2,2,0.78], full[1001,0.670118384801317,0.4667856680228222], full[10,-0.6011333062084212,0.7336164106482941]
Length:6, Num:291388, Mean:0.09, Std:0.00, conv[19,19,8,-0.95,0.19], pool[4,4,0.29], conv[19,19,21,0.22,0.51], pool[4,4,0.56], full[1569,-0.5344535134594517,0.3402812579662686], full[10,0.6048818060156222,0.4814029541976539]
Length:6, Num:1339787, Mean:0.87, Std:0.00, conv[9,9,23,-0.87,0.79], pool[2,2,0.30], conv[12,12,7,-0.30,0.10], pool[2,2,0.87], full[1918,0.7337306752207793,0.09860832419461507], full[10,0.760964007884658,0.4678414341653133]
Length:8, Num:1974543, Mean:0.56, Std:0.00, conv[17,17,28,0.48,0.62], pool[2,2,0.09], pool[2,2,0.60], conv[8,8,47,0.77,0.10], conv[7,7,44,0.56,0.88], pool[2,2,0.35], full[1382,-0.17599474558980743,0.15001320807527818], full[10,0.9271974938535998,0.13652593910997302]
