Length:5, Num:15826855, Mean:0.22, Std:0.00, conv[16,16,25,-0.83,0.30], pool[2,2,0.70], full[1126,-0.40033723839574287,0.5389594372259857], full[1237,0.2717476363553055,0.6888150110660898], full[10,-0.42011456608679754,0.2404611764426775]
Length:9, Num:3202877, Mean:0.10, Std:0.00, conv[6,6,7,-0.24,0.97], pool[2,2,0.51], conv[4,4,24,-0.65,0.95], pool[4,4,0.64], conv[16,16,6,-0.32,0.89], pool[2,2,0.10], full[1899,-0.2759704780991492,0.014530406765654091], full[1627,-0.0868081949006585,0.3192832815520733], full[10,0.9415976564559283,0.05137624147142583]
Length:12, Num:140746, Mean:0.10, Std:0.00, conv[11,11,13,-0.38,0.62], pool[4,4,0.71], conv[7,7,26,0.98,0.10], pool[2,2,0.49], conv[6,6,13,0.94,0.00], pool[4,4,0.70], conv[15,15,20,-0.95,0.67], pool[4,4,0.58], conv[5,5,49,0.29,0.57], pool[2,2,0.65], full[1206,0.4902474801115768,0.6159478673171163], full[10,-0.33991976553338743,0.4573287222151664]
Length:16, Num:45509, Mean:0.11, Std:0.00, conv[2,2,11,-0.15,0.53], pool[4,4,0.26], conv[18,18,36,-0.72,0.71], pool[4,4,0.13], conv[12,12,30,0.24,0.53], pool[4,4,0.66], conv[4,4,8,-0.35,0.77], pool[4,4,0.60], conv[10,10,13,-0.81,0.76], pool[4,4,0.85], conv[3,3,36,-0.80,0.08], pool[4,4,0.22], conv[4,4,7,0.74,0.86], pool[4,4,0.20], full[1093,-0.2953756039837627,0.0908052111140858], full[10,0.6688387176542838,0.0645124947600969]
Length:20, Num:83444, Mean:0.10, Std:0.00, conv[17,17,18,0.19,0.36], pool[4,4,0.08], conv[4,4,43,-0.09,0.43], pool[4,4,0.48], conv[10,10,14,0.54,0.83], pool[2,2,0.25], conv[3,3,6,-0.54,0.03], pool[2,2,0.69], conv[6,6,14,-0.94,0.25], pool[2,2,0.58], conv[10,10,27,-0.05,0.67], pool[2,2,0.69], conv[8,8,46,0.48,0.11], pool[4,4,0.79], conv[7,7,11,0.01,0.49], pool[4,4,0.14], conv[3,3,15,0.12,0.87], pool[2,2,0.77], full[1680,-0.885607272434354,0.2740114278158434], full[10,-0.9111204169539755,0.003679047390447221]
Length:25, Num:2106301, Mean:0.10, Std:0.00, conv[17,17,4,0.23,0.46], pool[2,2,0.04], conv[19,19,26,-0.97,1.00], pool[4,4,0.04], conv[16,16,8,0.83,0.92], pool[4,4,1.00], conv[10,10,20,0.14,0.68], pool[2,2,0.63], conv[10,10,38,0.04,0.30], pool[4,4,0.21], conv[6,6,42,0.21,0.44], pool[2,2,0.36], conv[4,4,38,-0.54,0.50], pool[2,2,0.21], conv[9,9,41,0.06,0.64], pool[4,4,0.59], conv[3,3,42,-0.27,0.16], pool[2,2,0.05], conv[19,19,45,0.46,0.11], pool[2,2,0.81], conv[16,16,14,-0.91,0.25], pool[4,4,0.08], full[1021,0.5286404026459928,0.3772197539491001], full[1969,0.5469778067104973,0.4398389219097121], full[10,0.6099764375709162,0.7233162119645771]
Length:7, Num:1747506, Mean:0.20, Std:0.00, conv[8,8,29,0.75,0.81], pool[2,2,0.92], conv[15,15,3,0.67,0.78], pool[4,4,0.89], full[1037,-0.13723774784743892,0.8189187279431788], full[1569,-0.5886238081431212,0.9851208957171821], full[10,0.9503931290225347,0.4195511714931548]
Length:5, Num:4472503, Mean:0.13, Std:0.00, conv[5,5,10,0.54,0.28], pool[4,4,0.93], full[1513,0.182421466270831,0.7019017495802837], full[1570,0.23986862210034698,0.3030764451500707], full[100,0.17666875665402504,0.6196193024715533]
Length:8, Num:329602, Mean:0.01, Std:0.00, conv[17,17,36,-0.86,0.84], pool[2,2,0.32], conv[18,18,32,0.08,0.98], pool[4,4,0.81], conv[14,14,10,-0.37,0.54], pool[2,2,0.87], full[1694,0.41185446606073506,0.2535863459784089], full[100,-0.7001693847355004,0.7775430241081515]
Length:12, Num:153673, Mean:0.01, Std:0.00, conv[12,12,29,0.09,0.04], pool[4,4,0.61], conv[9,9,44,-0.71,0.72], pool[2,2,0.22], conv[8,8,12,-0.98,0.49], pool[2,2,0.10], conv[6,6,11,-0.60,0.97], pool[4,4,0.20], conv[2,2,13,-0.55,0.31], pool[4,4,0.58], full[1137,-0.010872984857331014,0.8779439660180571], full[100,-0.46420257408011634,0.7157106964229647]
Length:16, Num:278655, Mean:0.01, Std:0.00, conv[8,8,39,0.30,0.31], pool[2,2,0.32], conv[16,16,43,0.74,0.88], pool[4,4,0.73], conv[7,7,47,0.15,0.87], pool[2,2,0.62], conv[9,9,24,-0.20,0.85], pool[2,2,0.82], conv[19,19,35,0.93,0.97], pool[4,4,0.85], conv[13,13,47,0.97,0.78], pool[4,4,0.17], conv[4,4,13,0.01,0.59], pool[2,2,0.56], full[1886,0.48201582386650577,0.8149302978489924], full[100,0.6069185258983498,0.9561027856603358]
Length:21, Num:1595802, Mean:0.01, Std:0.00, conv[10,10,39,-0.65,0.57], pool[2,2,0.40], conv[3,3,39,-0.96,0.85], pool[2,2,0.24], conv[17,17,47,0.96,0.29], pool[2,2,0.97], conv[8,8,3,-0.06,0.12], pool[2,2,0.89], conv[18,18,30,-0.12,0.56], pool[2,2,0.57], conv[8,8,40,0.03,0.90], pool[2,2,0.82], conv[6,6,48,0.06,0.35], pool[4,4,0.54], conv[2,2,17,0.14,0.85], pool[4,4,0.24], conv[13,13,11,0.26,0.26], pool[2,2,0.51], full[1015,0.5688907887561636,0.18018258040496193], full[1378,0.5336896545184182,0.1245266780663925], full[100,0.24912836651166592,0.7131824972919237]
Length:25, Num:2841052, Mean:0.01, Std:0.00, conv[15,15,32,0.22,0.80], pool[2,2,0.50], conv[15,15,45,-0.02,0.43], pool[4,4,0.81], conv[15,15,5,0.18,0.64], pool[2,2,0.41], conv[12,12,14,0.95,0.80], pool[2,2,0.76], conv[8,8,41,0.37,0.07], pool[4,4,0.70], conv[12,12,43,0.85,0.19], pool[4,4,0.05], conv[8,8,44,0.58,0.11], pool[2,2,0.48], conv[5,5,15,-0.25,0.59], pool[4,4,0.27], conv[13,13,47,-0.78,0.26], pool[2,2,0.15], conv[2,2,19,-0.29,0.47], pool[2,2,0.26], conv[19,19,11,-0.00,0.87], pool[4,4,0.41], full[1670,0.4826403677913711,0.7821959789994937], full[1557,-0.2995565668471276,0.3361847790766319], full[100,0.09971139161007159,0.11448338909959566]
Length:7, Num:2317661, Mean:0.01, Std:0.00, conv[9,9,11,0.83,0.84], pool[4,4,0.53], conv[5,5,16,-0.58,0.39], pool[4,4,0.41], full[1618,-0.9734843897483945,0.5946311717674531], full[1226,-0.07863489891343556,0.08507797741430323], full[100,0.12373286447571274,0.7384660308969102]
